1033	[1228, 512]
1044	[1309, 504]
1055	[1329, 477]
1066	[1332, 431]
1077	[1395, 496]
1080	[1370, 477]
1088	[1316, 491]
1091	[1262, 413]
1099	[1317, 429]
1107	[1264, 448]
1110	[1190, 495]
1118	[1258, 443]
1121	[1241, 443]
1129	[1346, 469]
1132	[1395, 462]
1143	[1456, 487]
1154	[839, 285]
1165	[1201, 367]
1176	[1277, 465]
1187	[1312, 470]
1190	[1245, 516]
1198	[1294, 493]
1206	[1381, 407]
1217	[1291, 475]
1220	[1312, 466]
1228	[1338, 489]
1231	[1458, 504]
1239	[1557, 463]
1242	[1281, 490]
1253	[1255, 486]
1264	[1253, 499]
1275	[1398, 415]
1286	[1055, 431]
1297	[1391, 476]
1305	[1242, 457]
1316	[1241, 473]
1327	[1509, 465]
1330	[1294, 468]
1338	[1452, 467]
1341	[1401, 498]
1349	[1310, 496]
1352	[1297, 437]
1363	[1178, 426]
1374	[1210, 440]
1385	[1403, 471]
1396	[1306, 414]
1404	[1233, 411]
1415	[1492, 486]
1426	[1352, 493]
1437	[1415, 510]
1440	[1334, 493]
1448	[1384, 491]
1451	[1210, 271]
1459	[1424, 504]
1462	[1376, 460]
1473	[1308, 505]
1484	[1261, 490]
1495	[1574, 430]
1503	[1577, 413]
1514	[1011, 437]
1525	[1492, 397]
1536	[2230, 519]
1547	[2609, 533]
1550	[2387, 558]
1558	[2691, 550]
1561	[2876, 540]
1569	[2590, 488]
1572	[2292, 520]
1583	[2516, 495]
1594	[2726, 516]
1602	[2572, 573]
1613	[2456, 406]
1624	[1981, 439]
1635	[2814, 552]
1646	[3007, 519]
1657	[2813, 547]
1660	[2714, 541]
1668	[2327, 511]
1671	[2482, 538]
1679	[2773, 493]
1682	[2436, 542]
1693	[2908, 535]
1701	[2761, 533]
1709	[2521, 532]
1712	[2605, 527]
1723	[2433, 507]
1734	[2736, 548]
1745	[2772, 561]
1756	[2842, 425]
1767	[3056, 507]
1770	[2518, 499]
1778	[1862, 462]
1781	[2059, 513]
1789	[2675, 504]
1792	[4427, 518]
1800	[5137, 565]
1808	[5246, 556]
1811	[5099, 557]
1819	[5596, 586]
1822	[5758, 577]
1833	[4991, 623]
1844	[5668, 574]
1855	[5566, 582]
1866	[5782, 569]
1877	[4308, 537]
1880	[5299, 576]
1888	[5848, 581]
1891	[5573, 597]
1899	[5632, 566]
1907	[5621, 568]
1910	[6440, 550]
1918	[4754, 540]
1921	[9879, 604]
1929	[9769, 577]
1932	[10643, 602]
1943	[9546, 546]
1954	[10522, 595]
1965	[10444, 612]
1976	[10071, 629]
1987	[21622, 622]
1990	[21590, 618]
1998	[21332, 615]
2001	[20826, 603]
2009	[21936, 636]
2012	[21360, 617]
2023	[43347, 626]
1034	[1273, 482]
1045	[1300, 481]
1056	[1295, 431]
1067	[1356, 504]
1070	[1303, 496]
1078	[1225, 488]
1081	[1341, 490]
1089	[1340, 473]
1092	[1305, 485]
1100	[1125, 425]
1108	[1197, 451]
1111	[1239, 489]
1119	[1258, 392]
1122	[1302, 490]
1133	[1368, 473]
1144	[1392, 459]
1155	[1128, 497]
1166	[946, 347]
1177	[1223, 477]
1180	[1399, 503]
1188	[1276, 509]
1191	[1299, 529]
1199	[1340, 497]
1207	[1379, 466]
1210	[1226, 500]
1218	[1291, 481]
1221	[1432, 472]
1229	[1252, 482]
1232	[1327, 445]
1243	[1438, 485]
1254	[1319, 472]
1265	[1362, 489]
1276	[1417, 465]
1287	[1349, 487]
1290	[1256, 456]
1298	[1128, 467]
1306	[1138, 402]
1317	[1195, 462]
1320	[1422, 457]
1328	[1227, 451]
1331	[1304, 491]
1339	[1456, 465]
1342	[1463, 469]
1353	[1245, 428]
1364	[1044, 423]
1375	[1155, 431]
1386	[1354, 465]
1397	[1091, 395]
1405	[1311, 414]
1416	[1442, 472]
1427	[1464, 505]
1430	[1292, 503]
1438	[1318, 471]
1441	[1382, 503]
1449	[1442, 460]
1452	[1483, 486]
1463	[1276, 471]
1474	[1277, 483]
1485	[1304, 501]
1496	[1506, 437]
1504	[1083, 461]
1515	[1048, 429]
1526	[1264, 423]
1537	[2197, 443]
1540	[2371, 521]
1548	[2258, 479]
1551	[2588, 558]
1559	[2746, 560]
1562	[2720, 564]
1573	[2378, 524]
1584	[2459, 540]
1595	[2867, 548]
1603	[2693, 579]
1614	[2815, 567]
1625	[2244, 530]
1636	[2712, 556]
1647	[2970, 542]
1650	[2588, 561]
1658	[2736, 560]
1661	[2728, 507]
1669	[2562, 511]
1672	[2701, 484]
1683	[2652, 557]
1694	[2757, 557]
1702	[2730, 493]
1713	[2694, 530]
1724	[2525, 511]
1735	[2837, 549]
1746	[2686, 555]
1757	[2515, 514]
1760	[2471, 570]
1768	[2501, 568]
1771	[2915, 488]
1779	[2227, 510]
1782	[2124, 525]
1793	[5117, 553]
1801	[5328, 588]
1809	[5291, 566]
1812	[4989, 561]
1823	[5832, 576]
1834	[5005, 579]
1845	[5958, 571]
1856	[4923, 550]
1867	[5819, 574]
1870	[5658, 586]
1878	[5242, 561]
1881	[5041, 578]
1889	[5733, 582]
1892	[5667, 595]
1900	[5651, 604]
1908	[5170, 589]
1911	[6375, 527]
1919	[5390, 537]
1922	[10602, 589]
1933	[10947, 610]
1944	[10834, 609]
1955	[10304, 581]
1966	[9707, 579]
1977	[11289, 574]
1980	[8020, 574]
1988	[20306, 583]
1991	[22678, 607]
1999	[22015, 625]
2002	[21760, 620]
2013	[23418, 542]
2024	[40648, 623]
1024	[1100, 380]
1035	[1312, 528]
1046	[1327, 462]
1057	[1213, 490]
1060	[1286, 489]
1068	[1345, 470]
1071	[1443, 488]
1079	[1353, 485]
1082	[1361, 476]
1093	[1390, 520]
1101	[1199, 438]
1109	[1290, 444]
1112	[1285, 443]
1123	[1405, 505]
1134	[1402, 480]
1145	[1423, 461]
1156	[1347, 502]
1167	[565, 313]
1170	[1209, 485]
1178	[1157, 467]
1181	[1416, 505]
1189	[1171, 493]
1192	[1270, 497]
1200	[1050, 371]
1208	[1174, 525]
1211	[1274, 517]
1219	[1401, 474]
1222	[1360, 482]
1233	[1433, 461]
1244	[1484, 437]
1255	[1322, 476]
1266	[1418, 476]
1277	[1483, 494]
1280	[1237, 434]
1288	[1053, 419]
1291	[1306, 423]
1299	[1371, 463]
1307	[1392, 400]
1310	[1387, 426]
1318	[1318, 495]
1321	[1412, 462]
1329	[1258, 454]
1332	[1330, 471]
1343	[1370, 478]
1354	[1379, 440]
1365	[1129, 419]
1376	[1332, 471]
1387	[1371, 482]
1390	[1192, 458]
1398	[1158, 421]
1406	[1154, 447]
1417	[1393, 491]
1420	[1314, 470]
1428	[1390, 465]
1431	[1379, 513]
1439	[1350, 473]
1442	[1391, 497]
1453	[1543, 459]
1464	[1388, 275]
1475	[1189, 464]
1486	[1503, 425]
1497	[1538, 390]
1505	[882, 407]
1516	[1138, 468]
1527	[1368, 405]
1530	[1363, 444]
1538	[2656, 465]
1541	[2585, 564]
1549	[2365, 580]
1552	[2508, 528]
1563	[2578, 561]
1574	[2324, 513]
1585	[2707, 566]
1596	[2815, 527]
1604	[2260, 244]
1615	[2563, 571]
1626	[2208, 318]
1637	[2907, 554]
1640	[2760, 526]
1648	[2771, 554]
1651	[2641, 553]
1659	[2843, 560]
1662	[2900, 545]
1673	[2499, 541]
1684	[2834, 530]
1695	[2833, 542]
1703	[2818, 556]
1714	[2520, 535]
1725	[2613, 515]
1736	[2851, 539]
1747	[2813, 568]
1750	[3026, 532]
1758	[2770, 582]
1761	[2466, 548]
1769	[2669, 546]
1772	[3044, 497]
1783	[2237, 510]
1794	[4956, 585]
1802	[5393, 575]
1813	[4916, 581]
1824	[4427, 545]
1835	[4988, 604]
1846	[5478, 212]
1857	[5040, 565]
1860	[5200, 560]
1868	[5083, 584]
1871	[5590, 595]
1879	[4801, 506]
1882	[5297, 590]
1893	[5468, 599]
1901	[5274, 577]
1909	[5433, 448]
1912	[3931, 558]
1923	[9598, 606]
1934	[11088, 587]
1945	[10941, 612]
1956	[10159, 613]
1967	[10114, 576]
1970	[11135, 617]
1978	[10603, 540]
1981	[8573, 594]
1989	[20182, 599]
1992	[17951, 514]
2003	[21620, 627]
2014	[16593, 569]
2025	[43380, 634]
1025	[1130, 493]
1036	[1107, 516]
1047	[1282, 463]
1050	[1094, 502]
1058	[1322, 433]
1061	[1307, 497]
1069	[1346, 496]
1072	[1274, 483]
1083	[1295, 478]
1094	[1230, 453]
1102	[1372, 400]
1113	[1233, 461]
1124	[1302, 456]
1135	[1431, 486]
1146	[1386, 471]
1157	[1225, 509]
1160	[1137, 223]
1168	[1286, 481]
1171	[1325, 479]
1179	[1299, 272]
1182	[1237, 499]
1193	[1255, 472]
1201	[931, 442]
1209	[1259, 542]
1212	[1010, 469]
1223	[1454, 483]
1234	[1433, 466]
1245	[1523, 454]
1256	[1227, 398]
1267	[1395, 473]
1270	[1461, 476]
1278	[1310, 432]
1281	[1349, 405]
1289	[1274, 434]
1292	[1183, 472]
1300	[1342, 459]
1308	[1246, 442]
1311	[1386, 419]
1319	[1334, 480]
1322	[1444, 441]
1333	[1341, 474]
1344	[1249, 427]
1355	[1382, 482]
1366	[1078, 444]
1377	[1273, 438]
1380	[1306, 453]
1388	[1321, 476]
1391	[1381, 477]
1399	[1275, 437]
1407	[1278, 419]
1410	[1418, 477]
1418	[1342, 483]
1421	[1422, 481]
1429	[1407, 470]
1432	[1354, 493]
1443	[1381, 488]
1454	[1199, 424]
1465	[1454, 520]
1476	[1292, 520]
1487	[1553, 479]
1490	[1345, 492]
1498	[1606, 439]
1506	[1072, 406]
1517	[986, 421]
1520	[930, 358]
1528	[957, 385]
1531	[1312, 432]
1539	[2461, 566]
1542	[2453, 551]
1553	[2629, 528]
1564	[2711, 552]
1575	[2775, 502]
1586	[2590, 546]
1597	[2943, 534]
1605	[2153, 331]
1616	[2569, 530]
1627	[2760, 456]
1630	[2266, 336]
1638	[2590, 559]
1641	[2908, 528]
1649	[2764, 560]
1652	[2669, 502]
1663	[2666, 528]
1674	[2631, 520]
1685	[2948, 508]
1696	[2697, 531]
1704	[2219, 502]
1715	[2521, 533]
1726	[2544, 484]
1737	[2816, 566]
1740	[2644, 562]
1748	[2826, 548]
1751	[2606, 507]
1759	[2719, 497]
1762	[2536, 580]
1773	[3396, 509]
1784	[2224, 481]
1795	[4923, 607]
1803	[5437, 593]
1814	[5255, 539]
1825	[5265, 606]
1836	[4225, 540]
1847	[5977, 576]
1850	[5195, 548]
1858	[4889, 564]
1861	[5322, 578]
1869	[5289, 589]
1872	[5385, 563]
1883	[5147, 591]
1894	[5412, 602]
1902	[5357, 515]
1913	[4089, 542]
1924	[10465, 589]
1935	[11590, 598]
1946	[11626, 596]
1957	[11601, 595]
1960	[10758, 599]
1968	[11581, 604]
1971	[10801, 623]
1979	[12815, 560]
1982	[9940, 548]
1993	[20974, 609]
2004	[21609, 602]
2015	[20084, 516]
2026	[40498, 564]
1026	[976, 281]
1037	[1346, 450]
1040	[1328, 487]
1048	[1069, 355]
1051	[1271, 512]
1059	[1307, 484]
1062	[1388, 477]
1073	[1321, 486]
1084	[1190, 481]
1095	[1366, 426]
1103	[1403, 477]
1114	[1346, 360]
1125	[1288, 502]
1136	[1272, 453]
1147	[1557, 471]
1150	[1358, 460]
1158	[1295, 516]
1161	[1123, 383]
1169	[1345, 491]
1172	[1333, 483]
1183	[1326, 506]
1194	[1328, 428]
1202	[1092, 502]
1213	[1256, 387]
1224	[1367, 484]
1235	[1475, 453]
1246	[1455, 467]
1257	[1442, 460]
1260	[1367, 492]
1268	[1345, 492]
1271	[1382, 504]
1279	[1356, 493]
1282	[1115, 402]
1293	[1305, 426]
1301	[1289, 440]
1309	[1332, 453]
1312	[1321, 472]
1323	[1504, 438]
1334	[1199, 470]
1345	[1448, 513]
1356	[1352, 388]
1367	[1057, 398]
1370	[1301, 454]
1378	[1326, 458]
1381	[1214, 462]
1389	[1253, 461]
1392	[1170, 445]
1400	[1163, 431]
1408	[1386, 441]
1411	[1518, 478]
1419	[1437, 494]
1422	[1382, 482]
1433	[1290, 498]
1444	[1315, 478]
1455	[1407, 461]
1466	[1276, 446]
1477	[1244, 500]
1480	[1273, 482]
1488	[1232, 499]
1491	[1324, 472]
1499	[1790, 437]
1507	[894, 383]
1510	[1131, 429]
1518	[1073, 419]
1521	[1294, 426]
1529	[1122, 422]
1532	[1413, 456]
1543	[2470, 578]
1554	[2593, 562]
1565	[2656, 548]
1576	[2537, 538]
1587	[2887, 550]
1590	[2763, 537]
1598	[2926, 534]
1606	[2335, 452]
1617	[2567, 552]
1620	[2525, 553]
1628	[2433, 601]
1631	[2347, 538]
1639	[2732, 570]
1642	[2906, 522]
1653	[2526, 502]
1664	[2586, 493]
1675	[2691, 555]
1686	[2881, 533]
1697	[2688, 506]
1705	[2319, 492]
1716	[2572, 541]
1727	[2432, 494]
1730	[2878, 523]
1738	[2797, 540]
1741	[2768, 553]
1749	[2493, 324]
1752	[2749, 567]
1763	[2598, 548]
1774	[3180, 492]
1785	[2249, 488]
1796	[5384, 558]
1804	[5471, 584]
1815	[5022, 552]
1826	[4413, 334]
1837	[4968, 405]
1840	[5276, 588]
1848	[5535, 594]
1851	[5373, 568]
1859	[4970, 576]
1862	[4953, 551]
1873	[5373, 584]
1884	[4877, 563]
1895	[5389, 603]
1903	[5489, 581]
1914	[4212, 578]
1925	[10830, 596]
1936	[9692, 589]
1947	[11455, 358]
1950	[11007, 620]
1958	[10372, 610]
1961	[10851, 597]
1969	[11187, 619]
1972	[10987, 623]
1983	[10144, 540]
1994	[20120, 623]
2005	[18889, 552]
2016	[39623, 588]
2027	[40605, 619]
2030	[44778, 593]
1027	[1221, 441]
1030	[1211, 471]
1038	[1198, 519]
1041	[1396, 470]
1049	[1189, 468]
1052	[1203, 484]
1063	[1347, 480]
1074	[1412, 460]
1085	[1447, 489]
1096	[1095, 404]
1104	[1190, 479]
1115	[1391, 399]
1126	[1417, 481]
1137	[1394, 413]
1140	[1367, 437]
1148	[1443, 471]
1151	[1548, 454]
1159	[1398, 507]
1162	[1044, 266]
1173	[1437, 493]
1184	[1278, 422]
1195	[1152, 463]
1203	[1152, 416]
1214	[1185, 514]
1225	[1345, 491]
1236	[1434, 451]
1247	[1515, 480]
1250	[1300, 484]
1258	[1259, 420]
1261	[1465, 474]
1269	[1391, 488]
1272	[1378, 472]
1283	[1222, 457]
1294	[1245, 460]
1302	[1315, 506]
1313	[1178, 454]
1324	[1365, 468]
1335	[1419, 475]
1346	[1366, 403]
1357	[1378, 444]
1360	[1153, 452]
1368	[1346, 430]
1371	[1220, 456]
1379	[1368, 463]
1382	[1312, 472]
1393	[1252, 437]
1401	[1362, 445]
1409	[1526, 461]
1412	[1348, 433]
1423	[1455, 476]
1434	[1281, 479]
1445	[1371, 491]
1456	[1337, 493]
1467	[1239, 466]
1470	[1216, 435]
1478	[1240, 460]
1481	[1413, 506]
1489	[1269, 495]
1492	[1218, 500]
1500	[1603, 463]
1508	[890, 360]
1511	[1096, 426]
1519	[1164, 465]
1522	[1146, 404]
1533	[1413, 430]
1544	[2724, 546]
1555	[2735, 547]
1566	[2637, 558]
1577	[2452, 536]
1580	[2518, 527]
1588	[2654, 548]
1591	[2833, 549]
1599	[2906, 524]
1607	[1511, 405]
1610	[2770, 556]
1618	[2447, 574]
1621	[2480, 523]
1629	[2500, 582]
1632	[2584, 549]
1643	[3052, 527]
1654	[2832, 546]
1665	[2337, 512]
1676	[2423, 522]
1687	[2938, 524]
1690	[2671, 545]
1698	[2629, 577]
1706	[2173, 482]
1717	[2725, 543]
1720	[2422, 519]
1728	[2912, 518]
1731	[2855, 549]
1739	[2671, 576]
1742	[2721, 571]
1753	[2902, 558]
1764	[2686, 564]
1775	[3195, 485]
1786	[2835, 495]
1797	[5218, 584]
1805	[5298, 601]
1816	[5166, 578]
1827	[3846, 486]
1830	[4956, 512]
1838	[4933, 621]
1841	[5558, 588]
1849	[5229, 597]
1852	[5428, 598]
1863	[5351, 552]
1874	[5303, 569]
1885	[4830, 543]
1896	[5488, 603]
1904	[4937, 609]
1915	[4361, 567]
1926	[10769, 610]
1937	[8259, 395]
1940	[10127, 618]
1948	[10764, 612]
1951	[11008, 595]
1959	[11248, 612]
1962	[8846, 526]
1973	[10951, 542]
1984	[19423, 579]
1995	[18739, 493]
2006	[20784, 621]
2017	[42917, 612]
2020	[38925, 555]
2028	[44704, 641]
2031	[36677, 537]
1028	[1388, 452]
1031	[1250, 512]
1039	[1272, 508]
1042	[1327, 483]
1053	[1184, 489]
1064	[1303, 463]
1075	[1464, 485]
1086	[1398, 482]
1097	[1197, 478]
1105	[1347, 471]
1116	[1287, 452]
1127	[1470, 487]
1130	[1347, 496]
1138	[1403, 476]
1141	[1359, 467]
1149	[1483, 461]
1152	[1135, 418]
1163	[1109, 366]
1174	[1271, 489]
1185	[1291, 496]
1196	[1154, 463]
1204	[919, 330]
1215	[1162, 408]
1226	[1401, 492]
1237	[1472, 455]
1240	[1292, 474]
1248	[1288, 477]
1251	[1464, 497]
1259	[1267, 444]
1262	[1278, 448]
1273	[1336, 462]
1284	[1280, 421]
1295	[1237, 466]
1303	[1376, 462]
1314	[1337, 496]
1325	[1516, 465]
1336	[1342, 475]
1347	[1322, 465]
1350	[1397, 450]
1358	[1384, 479]
1361	[1066, 412]
1369	[1375, 423]
1372	[1300, 447]
1383	[1209, 450]
1394	[1310, 432]
1402	[1305, 445]
1413	[1530, 471]
1424	[1416, 459]
1435	[1487, 476]
1446	[1372, 497]
1457	[1412, 504]
1460	[1304, 433]
1468	[1347, 525]
1471	[1503, 438]
1479	[1358, 481]
1482	[1505, 320]
1493	[1300, 446]
1501	[1577, 398]
1509	[972, 367]
1512	[1081, 452]
1523	[1103, 406]
1534	[1213, 432]
1545	[2660, 524]
1556	[2705, 535]
1567	[2849, 553]
1570	[2695, 569]
1578	[2487, 518]
1581	[2737, 452]
1589	[2697, 558]
1592	[2666, 502]
1600	[2460, 533]
1608	[2631, 557]
1611	[2705, 553]
1619	[2544, 590]
1622	[2354, 555]
1633	[2692, 548]
1644	[2759, 97]
1655	[2541, 505]
1666	[2636, 488]
1677	[2530, 479]
1680	[2499, 537]
1688	[2485, 525]
1691	[2618, 546]
1699	[2744, 506]
1707	[2135, 508]
1710	[2436, 424]
1718	[2574, 542]
1721	[2455, 508]
1729	[2936, 544]
1732	[2835, 551]
1743	[2668, 549]
1754	[2622, 515]
1765	[2982, 422]
1776	[1965, 527]
1787	[2632, 479]
1790	[2826, 493]
1798	[4623, 577]
1806	[5367, 588]
1817	[5477, 585]
1820	[5495, 554]
1828	[5165, 595]
1831	[5378, 605]
1839	[4613, 449]
1842	[5619, 590]
1853	[5579, 602]
1864	[5071, 589]
1875	[5548, 568]
1886	[5138, 567]
1897	[5499, 604]
1905	[5134, 611]
1916	[4473, 526]
1927	[10853, 610]
1930	[9905, 595]
1938	[10640, 609]
1941	[9993, 598]
1949	[10568, 583]
1952	[9963, 589]
1963	[10043, 549]
1974	[10925, 615]
1985	[20200, 597]
1996	[21775, 623]
2007	[19821, 597]
2010	[21938, 597]
2018	[40488, 602]
2021	[38859, 537]
2029	[43709, 614]
1029	[1268, 363]
1032	[1143, 403]
1043	[1333, 439]
1054	[1259, 519]
1065	[1402, 479]
1076	[1325, 495]
1087	[1451, 492]
1090	[1328, 447]
1098	[1061, 473]
1106	[1188, 478]
1117	[1219, 440]
1120	[1218, 506]
1128	[1308, 482]
1131	[1350, 493]
1139	[1426, 478]
1142	[1411, 473]
1153	[1325, 488]
1164	[1134, 463]
1175	[1434, 479]
1186	[1255, 496]
1197	[1200, 506]
1205	[1289, 344]
1216	[1293, 473]
1227	[1506, 494]
1230	[1274, 494]
1238	[1495, 448]
1241	[1467, 53]
1249	[1483, 494]
1252	[1333, 494]
1263	[1263, 438]
1274	[1330, 491]
1285	[1356, 413]
1296	[1310, 368]
1304	[1181, 434]
1315	[1235, 481]
1326	[1429, 446]
1337	[1408, 476]
1340	[1356, 479]
1348	[1319, 504]
1351	[1347, 425]
1359	[1434, 490]
1362	[1141, 448]
1373	[1136, 359]
1384	[1169, 467]
1395	[1145, 424]
1403	[1308, 447]
1414	[1363, 482]
1425	[1435, 481]
1436	[1306, 492]
1447	[1441, 504]
1450	[1283, 283]
1458	[1478, 489]
1461	[1318, 447]
1469	[1423, 507]
1472	[1163, 492]
1483	[1477, 447]
1494	[1341, 409]
1502	[1618, 488]
1513	[1072, 467]
1524	[1343, 450]
1535	[1351, 468]
1546	[2609, 562]
1557	[2688, 529]
1560	[2595, 553]
1568	[2656, 554]
1571	[2596, 508]
1579	[2429, 569]
1582	[2506, 521]
1593	[2829, 542]
1601	[1967, 451]
1609	[2534, 554]
1612	[2500, 545]
1623	[2634, 575]
1634	[2744, 541]
1645	[2719, 557]
1656	[2615, 563]
1667	[2404, 543]
1670	[2488, 520]
1678	[2578, 521]
1681	[2572, 560]
1689	[2598, 552]
1692	[2750, 546]
1700	[2542, 508]
1708	[2721, 506]
1711	[2365, 496]
1719	[2573, 545]
1722	[2397, 478]
1733	[2779, 557]
1744	[2716, 564]
1755	[2652, 539]
1766	[2565, 569]
1777	[1966, 484]
1780	[2153, 537]
1788	[2079, 488]
1791	[2564, 514]
1799	[4975, 600]
1807	[5486, 595]
1810	[4670, 552]
1818	[5351, 594]
1821	[5593, 571]
1829	[5475, 593]
1832	[5136, 586]
1843	[5322, 599]
1854	[5442, 569]
1865	[5088, 591]
1876	[4538, 546]
1887	[4976, 536]
1890	[5614, 597]
1898	[5319, 471]
1906	[5668, 530]
1917	[5467, 526]
1920	[9544, 537]
1928	[10537, 583]
1931	[10277, 577]
1939	[10334, 579]
1942	[9193, 413]
1953	[9859, 599]
1964	[10340, 600]
1975	[10846, 568]
1986	[21295, 604]
1997	[23081, 483]
2000	[19822, 613]
2008	[22768, 630]
2011	[21771, 609]
2019	[44268, 620]
2022	[44856, 564]
